local partTable = {
	{CFrame = CFrame.new(55.4999962, 64.600502, -222.999939, 0, 0, -1, 0, 1, 0, 1, 0, 0), Name = 'Wall2Short', TreeValue = 'Walnut'},
	{CFrame = CFrame.new(55.4999962, 64.600502, -218.999939, 0, 0, -1, 0, 1, 0, 1, 0, 0), Name = 'Wall2Short', TreeValue = 'Walnut'},
	{CFrame = CFrame.new(34.9993286, 35.0002441, -192.899673, -1, 0, 0, 0, 0, 1, 0, 1, 0), Name = 'Wall2ShortThin', TreeValue = 'Birch'},
	{CFrame = CFrame.new(-2.30578756, 14.3001404, -269.526306, 0, -0.707102537, -0.70711112, -1, 0, 0, 0, 0.70711112, -0.707102537), Name = 'Wall2Tall', TreeValue = 'Birch'},
	{CFrame = CFrame.new(54, 64.6004868, -231.000061, 0, 0, -1, 0, 1, 0, 1, 0, 0), Name = 'Wedge4', TreeValue = 'Walnut'},
	{CFrame = CFrame.new(53.9999962, 65.6004868, -227.000061, 0, 0, -1, 0, 1, 0, 1, 0, 0), Name = 'Wedge4', TreeValue = 'Walnut'},
	{CFrame = CFrame.new(53.9999962, 66.6004791, -223, 0, 0, -1, 0, 1, 0, 1, 0, 0), Name = 'Wedge4', TreeValue = 'Walnut'},
	{CFrame = CFrame.new(53.9999962, 67.6004791, -219, 0, 0, -1, 0, 1, 0, 1, 0, 0), Name = 'Wedge4', TreeValue = 'Walnut'},
	{CFrame = CFrame.new(45.9999962, 66.6004791, -219, 0, -8.74227766e-08, 1, 0, -1, -8.74227766e-08, 1, 0, 0), Name = 'Wedge4', TreeValue = 'Birch'},
	{CFrame = CFrame.new(49.9999962, 66.6004791, -219, 0, -8.74227766e-08, 1, 0, -1, -8.74227766e-08, 1, 0, 0), Name = 'Wedge4', TreeValue = 'Birch'},
	{CFrame = CFrame.new(49.9999962, 65.6004791, -223, 0, -8.74227766e-08, 1, 0, -1, -8.74227766e-08, 1, 0, 0), Name = 'Wedge4', TreeValue = 'Birch'},
	{CFrame = CFrame.new(52.9999962, 64.6004868, -227.000061, 0, -8.74227766e-08, 1, 0, -1, -8.74227766e-08, 1, 0, 0), Name = 'Wedge4', TreeValue = 'Birch'},
	{CFrame = CFrame.new(52.9999962, 65.6004791, -223, 0, -8.74227766e-08, 1, 0, -1, -8.74227766e-08, 1, 0, 0), Name = 'Wedge4', TreeValue = 'Birch'},
	{CFrame = CFrame.new(21.0000629, 32.0002403, -195.100006, -1, 0, -0, 0, 0, -1, 0, -1, -0), Name = 'GlassPane2'},
	{CFrame = CFrame.new(148, 0.200237513, -237, 1, 0, 0, 0, 1, 0, 0, 0, 1), Name = 'Floor2Large', TreeValue = 'GreenSwampy'},
	{CFrame = CFrame.new(92, 0.200237513, -117, 1, 0, 0, 0, 1, 0, 0, 0, 1), Name = 'Floor2Large', TreeValue = 'GreenSwampy'},
	{CFrame = CFrame.new(-27.1201057, 12.3002377, -234.464188, 0.382677734, 0.923881888, 0, 0, 0, -1, -0.923881888, 0.382677823, 0), Name = 'Floor1Large', TreeValue = 'Spooky'},
	{CFrame = CFrame.new(-13.5973854, 12.3002377, -119.02198, -0.70711565, 0.707097888, 0, 0, 0, -1, -0.707097888, -0.70711565, 0), Name = 'Floor1Large', TreeValue = 'Spooky'},
	{CFrame = CFrame.new(-17.934885, 12.3002377, -125.513321, -0.382694989, 0.923874736, 0, 0, 0, -1, -0.923874736, -0.382694989, 0), Name = 'Floor1Large', TreeValue = 'Spooky'},
	{CFrame = CFrame.new(-19.4580841, 12.3002377, -133.170425, -1.24872031e-05, 1, 0, 0, 0, -1, -1, -1.24872031e-05, 0), Name = 'Floor1Large', TreeValue = 'Spooky'},
	{CFrame = CFrame.new(-19.4581833, 12.3002377, -141.170425, -1.24872031e-05, 1, 0, 0, 0, -1, -1, -1.24872031e-05, 0), Name = 'Floor1Large', TreeValue = 'Spooky'},
	{CFrame = CFrame.new(-19.4582481, 12.3002377, -149.170425, -1.26659979e-05, 0.999999046, 0, 0, 0, -1, -0.99999845, -1.23083773e-05, 0), Name = 'Floor1Large', TreeValue = 'Spooky'},
	{CFrame = CFrame.new(-17.935236, 12.3002377, -156.827576, 0.382671803, 0.92388308, 0, 0, 0, -1, -0.923882604, 0.382672429, 0), Name = 'Floor1Large', TreeValue = 'Spooky'},
	{CFrame = CFrame.new(-27.1197834, 4.30023766, -219.149689, -0.382697254, 0.923873782, 0, 0, 0, -1, -0.923873782, -0.382697254, 0), Name = 'Floor1Large', TreeValue = 'Spooky'},
	{CFrame = CFrame.new(-13.5979071, 12.3002377, -163.319016, 0.707098722, 0.70711422, 0, 0, 0, -1, -0.70711416, 0.707098901, 0), Name = 'Floor1Large', TreeValue = 'Spooky'},
	{CFrame = CFrame.new(-9.43384647, 12.3002377, -169.551086, 0.382672071, 0.923884332, 0, 0, 0, -1, -0.923884213, 0.382672101, 0), Name = 'Floor1Large', TreeValue = 'Spooky'},
	{CFrame = CFrame.new(-9.43390751, 12.3002377, -184.253555, -0.382689297, 0.923877358, 0, 0, 0, -1, -0.923877478, -0.382689178, 0), Name = 'Floor1Large', TreeValue = 'Spooky'},
	{CFrame = CFrame.new(-12.4954824, 12.3002377, -191.644531, -0.382689178, 0.92387718, 0, 0, 0, -1, -0.92387718, -0.382689148, 0), Name = 'Floor1Large', TreeValue = 'Spooky'},
	{CFrame = CFrame.new(-16.6595688, 12.3002377, -197.876495, -0.707107961, 0.70709908, 0, 0, 0, -1, -0.70709908, -0.707107961, 0), Name = 'Floor1Large', TreeValue = 'Spooky'},
	{CFrame = CFrame.new(-20.9970112, 12.3002377, -204.367874, -0.382688969, 0.923876643, 0, 0, 0, -1, -0.923876643, -0.382688969, 0), Name = 'Floor1Large', TreeValue = 'Spooky'},
	{CFrame = CFrame.new(-20.996788, 4.30023766, -204.36763, -0.382697225, 0.923873723, 0, 0, 0, -1, -0.923873723, -0.382697225, 0), Name = 'Floor1Large', TreeValue = 'Spooky'},
	{CFrame = CFrame.new(103, 12.3002377, -209.89975, 1, 0, 0, 0, 0, -1, 0, 1, 0), Name = 'Floor1Large', TreeValue = 'Spooky'},
	{CFrame = CFrame.new(111, 4.30023766, -209.89975, 1, 0, 0, 0, 0, -1, 0, 1, 0), Name = 'Floor1Large', TreeValue = 'Spooky'},
	{CFrame = CFrame.new(122.376633, 4.30023766, -220.65715, 0.38268283, -0.923877954, 0, 0, 0, -1, 0.923877954, 0.38268283, 0), Name = 'Floor1Large', TreeValue = 'Spooky'},
	{CFrame = CFrame.new(-27.1200085, 4.30023766, -234.463882, 0.382669657, 0.923885226, 0, 0, 0, -1, -0.923885226, 0.382669657, 0), Name = 'Floor1Large', TreeValue = 'Spooky'},
	{CFrame = CFrame.new(-24.0585823, 4.30023766, -241.85495, 0.382669657, 0.923885286, 0, 0, 0, -1, -0.923885226, 0.382669687, 0), Name = 'Floor1Large', TreeValue = 'Spooky'},
	{CFrame = CFrame.new(-24.0586739, 12.3002377, -241.85527, 0.382677764, 0.923881888, 0, 0, 0, -1, -0.923881888, 0.382677794, 0), Name = 'Floor1Large', TreeValue = 'Spooky'},
	{CFrame = CFrame.new(-20.9971581, 4.30023766, -249.246017, 0.382670373, 0.923886836, 0, 0, 0, -1, -0.923886836, 0.382670373, 0), Name = 'Floor1Large', TreeValue = 'Spooky'},
	{CFrame = CFrame.new(-20.9972534, 12.3002377, -249.246338, 0.382678479, 0.923883498, 0, 0, 0, -1, -0.923883498, 0.382678479, 0), Name = 'Floor1Large', TreeValue = 'Spooky'},
	{CFrame = CFrame.new(-16.6598434, 12.3002377, -255.737778, 0.70710516, 0.707113743, 0, 0, 0, -1, -0.707113743, 0.70710516, 0), Name = 'Floor1Large', TreeValue = 'Spooky'},
	{CFrame = CFrame.new(-16.6598434, 4.30023766, -255.737473, 0.707098961, 0.707119942, 0, 0, 0, -1, -0.707119942, 0.707098961, 0), Name = 'Floor1Large', TreeValue = 'Spooky'},
	{CFrame = CFrame.new(-19.4574566, 4.30023766, -133.170486, -1.48417503e-05, 1, 0, 0, 0, -1, -1, -1.4841753e-05, 0), Name = 'Floor1Large', TreeValue = 'Spooky'},
	{CFrame = CFrame.new(-19.4575558, 4.30023766, -141.170486, -1.48417503e-05, 1, 0, 0, 0, -1, -1, -1.4841753e-05, 0), Name = 'Floor1Large', TreeValue = 'Spooky'},
	{CFrame = CFrame.new(-19.4576206, 4.30023766, -149.170486, -1.48417521e-05, 1, 0, 0, 0, -1, -1, -1.4841753e-05, 0), Name = 'Floor1Large', TreeValue = 'Spooky'},
	{CFrame = CFrame.new(-17.9346638, 4.30023766, -156.827469, 0.382667899, 0.923880756, 0, 0, 0, -1, -0.923880756, 0.382667899, 0), Name = 'Floor1Large', TreeValue = 'Spooky'},
	{CFrame = CFrame.new(-7.97162819, 12.3002377, -176.902374, -2.98023224e-08, 1.00000024, 0, 0, 0, -1, -1.00000024, 2.98023224e-08, 0), Name = 'Floor1Large', TreeValue = 'Spooky'},
	{CFrame = CFrame.new(-16.6592827, 4.30023766, -197.876343, -0.707116246, 0.707095087, 0, 0, 0, -1, -0.707095087, -0.707116246, 0), Name = 'Floor1Large', TreeValue = 'Spooky'},
	{CFrame = CFrame.new(0.310578942, 12.3002377, -272.708496, 0.707102537, 0.70711112, 0, 0, 0, -1, -0.70711112, 0.707102537, 0), Name = 'Floor1Large', TreeValue = 'Spooky'},
	{CFrame = CFrame.new(6.20807028, 12.3002377, -107.504829, -1, -1.27256162e-05, 0, 0, 0, -1, 1.27256153e-05, -1, 0), Name = 'Floor1Large', TreeValue = 'Spooky'},
	{CFrame = CFrame.new(95, 12.3002377, -192.89975, 1, 0, 0, 0, 0, -1, 0, 1, 0), Name = 'Floor1Large', TreeValue = 'Spooky'},
	{CFrame = CFrame.new(87, 12.3002377, -192.89975, 1, 0, 0, 0, 0, -1, 0, 1, 0), Name = 'Floor1Large', TreeValue = 'Spooky'},
	{CFrame = CFrame.new(-1.44906628, 12.3002377, -109.027824, -0.923883736, 0.382671446, 0, 0, 0, -1, -0.382671446, -0.923883736, 0), Name = 'Floor1Large', TreeValue = 'Spooky'},
	{CFrame = CFrame.new(-7.93988562, 4.30023766, -113.365227, -0.707117319, 0.707096219, 0, 0, 0, -1, -0.707096219, -0.707117319, 0), Name = 'Floor1Large', TreeValue = 'Spooky'},
	{CFrame = CFrame.new(-7.94052219, 12.3002377, -113.365135, -0.707115591, 0.707097828, 0, 0, 0, -1, -0.707097828, -0.707115591, 0), Name = 'Floor1Large', TreeValue = 'Spooky'},
	{CFrame = CFrame.new(-13.5967522, 4.30023766, -119.022064, -0.707117319, 0.707096219, 0, 0, 0, -1, -0.707096219, -0.707117319, 0), Name = 'Floor1Large', TreeValue = 'Spooky'},
	{CFrame = CFrame.new(-17.9342499, 4.30023766, -125.51339, -0.382697165, 0.923873842, 0, 0, 0, -1, -0.923873842, -0.382697165, 0), Name = 'Floor1Large', TreeValue = 'Spooky'},
	{CFrame = CFrame.new(-13.5973568, 4.30023766, -163.318909, 0.707096159, 0.707116961, 0, 0, 0, -1, -0.707116961, 0.707096159, 0), Name = 'Floor1Large', TreeValue = 'Spooky'},
	{CFrame = CFrame.new(-9.43333244, 4.30023766, -169.55101, 0.382669777, 0.923885167, 0, 0, 0, -1, -0.923885167, 0.382669777, 0), Name = 'Floor1Large', TreeValue = 'Spooky'},
	{CFrame = CFrame.new(-7.97119522, 4.30023766, -176.902237, -1.48117524e-05, 1, 0, 0, 0, -1, -1, -1.48117524e-05, 0), Name = 'Floor1Large', TreeValue = 'Spooky'},
	{CFrame = CFrame.new(-9.43354893, 4.30023766, -184.253403, -0.382697254, 0.923874021, 0, 0, 0, -1, -0.923874021, -0.382697254, 0), Name = 'Floor1Large', TreeValue = 'Spooky'},
	{CFrame = CFrame.new(-12.4951172, 4.30023766, -191.644379, -0.382697225, 0.923873842, 0, 0, 0, -1, -0.923873842, -0.382697225, 0), Name = 'Floor1Large', TreeValue = 'Spooky'},
	{CFrame = CFrame.new(0.310567558, 4.30023766, -272.708191, 0.707096338, 0.707117319, 0, 0, 0, -1, -0.707117319, 0.707096338, 0), Name = 'Floor1Large', TreeValue = 'Spooky'},
	{CFrame = CFrame.new(7.06808615, 12.3002377, -275.507568, 1, 0, 0, 0, 0, -1, 0, 1, 0), Name = 'Floor1Large', TreeValue = 'Spooky'},
	{CFrame = CFrame.new(15.0680857, 12.3002377, -275.507629, 1, 0, 0, 0, 0, -1, 0, 1, 0), Name = 'Floor1Large', TreeValue = 'Spooky'},
	{CFrame = CFrame.new(103, 4.30023766, -209.89975, 1, 0, 0, 0, 0, -1, 0, 1, 0), Name = 'Floor1Large', TreeValue = 'Spooky'},
	{CFrame = CFrame.new(14.2080259, 12.3002377, -107.504898, -1, -1.27256153e-05, 0, 0, 0, -1, 1.27256153e-05, -1, 0), Name = 'Floor1Large', TreeValue = 'Spooky'},
	{CFrame = CFrame.new(6.20866632, 4.30023766, -107.504944, -1, -1.50502356e-05, 0, 0, 0, -1, 1.50502356e-05, -1, 0), Name = 'Floor1Large', TreeValue = 'Spooky'},
	{CFrame = CFrame.new(-1.44843531, 4.30023766, -109.027916, -0.923884034, 0.382669061, 0, 0, 0, -1, -0.382669061, -0.923884034, 0), Name = 'Floor1Large', TreeValue = 'Spooky'},
	{CFrame = CFrame.new(7.06801844, 4.30023766, -275.507294, 1, 1.4871539e-05, 0, 0, 0, -1, -1.4871539e-05, 1, 0), Name = 'Floor1Large', TreeValue = 'Spooky'},
	{CFrame = CFrame.new(15.068018, 4.30023766, -275.507355, 1, 1.4871539e-05, 0, 0, 0, -1, -1.4871539e-05, 1, 0), Name = 'Floor1Large', TreeValue = 'Spooky'},
	{CFrame = CFrame.new(23.0680866, 12.3002377, -275.50769, 1, 0, 0, 0, 0, -1, 0, 1, 0), Name = 'Floor1Large', TreeValue = 'Spooky'},
	{CFrame = CFrame.new(87, 4.30023766, -192.89975, 1, 0, 0, 0, 0, -1, 0, 1, 0), Name = 'Floor1Large', TreeValue = 'Spooky'},
	{CFrame = CFrame.new(119, 12.3002377, -192.89975, 1, 0, 0, 0, 0, -1, 0, 1, 0), Name = 'Floor1Large', TreeValue = 'Spooky'},
	{CFrame = CFrame.new(111, 4.30023766, -192.89975, 1, 0, 0, 0, 0, -1, 0, 1, 0), Name = 'Floor1Large', TreeValue = 'Spooky'},
	{CFrame = CFrame.new(103, 12.3002377, -192.89975, 1, 0, 0, 0, 0, -1, 0, 1, 0), Name = 'Floor1Large', TreeValue = 'Spooky'},
	{CFrame = CFrame.new(22.2080269, 12.3002377, -107.504921, -1, -1.27256153e-05, 0, 0, 0, -1, 1.27256153e-05, -1, 0), Name = 'Floor1Large', TreeValue = 'Spooky'},
	{CFrame = CFrame.new(14.208622, 4.30023766, -107.505013, -1, -1.50502374e-05, 0, 0, 0, -1, 1.50502347e-05, -1, 0), Name = 'Floor1Large', TreeValue = 'Spooky'},
	{CFrame = CFrame.new(23.068018, 4.30023766, -275.507416, 1, 1.4871539e-05, 0, 0, 0, -1, -1.4871539e-05, 1, 0), Name = 'Floor1Large', TreeValue = 'Spooky'},
	{CFrame = CFrame.new(31.0680866, 12.3002377, -275.507751, 1, 0, 0, 0, 0, -1, 0, 1, 0), Name = 'Floor1Large', TreeValue = 'Spooky'},
	{CFrame = CFrame.new(30.2080269, 12.3002377, -107.505043, -1, -1.2725618e-05, 0, 0, 0, -1, 1.27256126e-05, -1, 0), Name = 'Floor1Large', TreeValue = 'Spooky'},
	{CFrame = CFrame.new(22.208622, 4.30023766, -107.505035, -1, -1.50502374e-05, 0, 0, 0, -1, 1.50502347e-05, -1, 0), Name = 'Floor1Large', TreeValue = 'Spooky'},
	{CFrame = CFrame.new(-27.1200008, 12.3002377, -219.149918, -0.382689178, 0.92387712, 0, 0, 0, -1, -0.92387712, -0.382689178, 0), Name = 'Floor1Large', TreeValue = 'Spooky'},
	{CFrame = CFrame.new(-24.0585041, 12.3002377, -211.758881, -0.382689089, 0.923876882, 0, 0, 0, -1, -0.923876882, -0.382689089, 0), Name = 'Floor1Large', TreeValue = 'Spooky'},
	{CFrame = CFrame.new(31.068018, 4.30023766, -275.507477, 1, 1.4871539e-05, 0, 0, 0, -1, -1.4871539e-05, 1, 0), Name = 'Floor1Large', TreeValue = 'Spooky'},
	{CFrame = CFrame.new(39.0680885, 12.3002377, -275.507782, 1, 0, 0, 0, 0, -1, 0, 1, 0), Name = 'Floor1Large', TreeValue = 'Spooky'},
	{CFrame = CFrame.new(38.2080231, 12.3002377, -107.505112, -1, -1.27256235e-05, 0, 0, 0, -1, 1.27256071e-05, -1, 0), Name = 'Floor1Large', TreeValue = 'Spooky'},
	{CFrame = CFrame.new(-24.0582829, 4.30023766, -211.758652, -0.382697225, 0.923873723, 0, 0, 0, -1, -0.923873723, -0.382697225, 0), Name = 'Floor1Large', TreeValue = 'Spooky'},
	{CFrame = CFrame.new(30.208622, 4.30023766, -107.505157, -1, -1.50502401e-05, 0, 0, 0, -1, 1.50502319e-05, -1, 0), Name = 'Floor1Large', TreeValue = 'Spooky'},
	{CFrame = CFrame.new(39.0680199, 4.30023766, -275.507507, 1, 1.4871539e-05, 0, 0, 0, -1, -1.4871539e-05, 1, 0), Name = 'Floor1Large', TreeValue = 'Spooky'},
	{CFrame = CFrame.new(46.7251625, 12.3002377, -273.984741, 0.923881888, -0.382677913, 0, 0, 0, -1, 0.382677943, 0.923881829, 0), Name = 'Floor1Large', TreeValue = 'Spooky'},
	{CFrame = CFrame.new(46.2080231, 12.3002377, -107.50518, -1, -1.27256399e-05, 0, 0, 0, -1, 1.27255908e-05, -1, 0), Name = 'Floor1Large', TreeValue = 'Spooky'},
	{CFrame = CFrame.new(38.2086182, 4.30023766, -107.505226, -1, -1.50502456e-05, 0, 0, 0, -1, 1.50502265e-05, -1, 0), Name = 'Floor1Large', TreeValue = 'Spooky'},
	{CFrame = CFrame.new(46.725071, 4.30023766, -273.984497, 0.923885226, -0.382669717, 0, 0, 0, -1, 0.382669717, 0.923885226, 0), Name = 'Floor1Large', TreeValue = 'Spooky'},
	{CFrame = CFrame.new(53.216568, 12.3002377, -269.64743, 0.70710808, -0.707099617, 0, 0, 0, -1, 0.707099617, 0.70710808, 0), Name = 'Floor1Large', TreeValue = 'Spooky'},
	{CFrame = CFrame.new(56.0156708, 12.3002377, -262.889984, 0, -1, 0, 0, 0, -1, 1, 0, 0), Name = 'Floor1Large', TreeValue = 'Spooky'},
	{CFrame = CFrame.new(56.0157166, 12.3002377, -254.889984, 0, -1, 0, 0, 0, -1, 1, 0, 0), Name = 'Floor1Large', TreeValue = 'Spooky'},
	{CFrame = CFrame.new(53.2164993, 4.30023766, -269.647217, 0.707114339, -0.707093358, 0, 0, 0, -1, 0.707093358, 0.707114339, 0), Name = 'Floor1Large', TreeValue = 'Spooky'},
	{CFrame = CFrame.new(58.5806313, 12.3002377, -248.697784, 0.707111001, -0.707102537, 0, 0, 0, -1, 0.707102537, 0.707111001, 0), Name = 'Floor1Large', TreeValue = 'Spooky'},
	{CFrame = CFrame.new(62.2080231, 12.3002377, -107.505348, -1, -1.27258363e-05, 0, 0, 0, -1, 1.27253943e-05, -1, 0), Name = 'Floor1Large', TreeValue = 'Spooky'},
	{CFrame = CFrame.new(62.2080231, 12.3002377, -107.505348, -1, -1.27258363e-05, 0, 0, 0, -1, 1.27253943e-05, -1, 0), Name = 'Floor1Large', TreeValue = 'Spooky'},
	{CFrame = CFrame.new(54.2086182, 4.30023766, -107.505363, -1, -1.5050311e-05, 0, 0, 0, -1, 1.5050161e-05, -1, 0), Name = 'Floor1Large', TreeValue = 'Spooky'},
	{CFrame = CFrame.new(54.2080231, 12.3002377, -107.505249, -1, -1.2725689e-05, 0, 0, 0, -1, 1.27255416e-05, -1, 0), Name = 'Floor1Large', TreeValue = 'Spooky'},
	{CFrame = CFrame.new(46.2086182, 4.30023766, -107.505295, -1, -1.50502619e-05, 0, 0, 0, -1, 1.50502101e-05, -1, 0), Name = 'Floor1Large', TreeValue = 'Spooky'},
	{CFrame = CFrame.new(56.0156403, 4.30023766, -262.889862, 1.48415611e-05, -1, 0, 0, 0, -1, 1, 1.48415611e-05, 0), Name = 'Floor1Large', TreeValue = 'Spooky'},
	{CFrame = CFrame.new(56.015686, 4.30023766, -254.889877, 1.48415447e-05, -0.999998927, 0, 0, 0, -1, 0.999998927, 1.48415447e-05, 0), Name = 'Floor1Large', TreeValue = 'Spooky'},
	{CFrame = CFrame.new(58.5806313, 4.30023766, -248.697723, 0.707117021, -0.70709604, 0, 0, 0, -1, 0.70709604, 0.707117021, 0), Name = 'Floor1Large', TreeValue = 'Spooky'},
	{CFrame = CFrame.new(64.2375183, 12.3002377, -243.04097, 0.707111001, -0.707102537, 0, 0, 0, -1, 0.707102537, 0.707111001, 0), Name = 'Floor1Large', TreeValue = 'Spooky'},
	{CFrame = CFrame.new(70.4695969, 12.3002377, -238.876907, 0.923881829, -0.382677853, 0, 0, 0, -1, 0.382677853, 0.923881829, 0), Name = 'Floor1Large', TreeValue = 'Spooky'},
	{CFrame = CFrame.new(77.2561264, 12.3002377, -112.090134, -0.923874199, -0.382695019, 0, 0, 0, -1, 0.382695019, -0.923874199, 0), Name = 'Floor1Large', TreeValue = 'Spooky'},
	{CFrame = CFrame.new(69.8656998, 4.30023766, -109.028671, -0.923873723, -0.382697374, 0, 0, 0, -1, 0.382697374, -0.923873723, 0), Name = 'Floor1Large', TreeValue = 'Spooky'},
	{CFrame = CFrame.new(69.8651352, 12.3002377, -109.028549, -0.923874617, -0.382695198, 0, 0, 0, -1, 0.382695198, -0.923874617, 0), Name = 'Floor1Large', TreeValue = 'Spooky'},
	{CFrame = CFrame.new(62.2086182, 4.30023766, -107.505463, -1, -1.50504584e-05, 0, 0, 0, -1, 1.50500136e-05, -1, 0), Name = 'Floor1Large', TreeValue = 'Spooky'},
	{CFrame = CFrame.new(62.2086182, 4.30023766, -107.505463, -1, -1.50504584e-05, 0, 0, 0, -1, 1.50500136e-05, -1, 0), Name = 'Floor1Large', TreeValue = 'Spooky'},
	{CFrame = CFrame.new(64.2375183, 4.30023766, -243.040909, 0.70711726, -0.707096279, 0, 0, 0, -1, 0.707096279, 0.70711726, 0), Name = 'Floor1Large', TreeValue = 'Spooky'},
	{CFrame = CFrame.new(70.469635, 4.30023766, -238.876892, 0.923887491, -0.382664204, 0, 0, 0, -1, 0.382664204, 0.923887491, 0), Name = 'Floor1Large', TreeValue = 'Spooky'},
	{CFrame = CFrame.new(77.8208237, 12.3002377, -237.414719, 1, 0, 0, 0, 0, -1, 0, 1, 0), Name = 'Floor1Large', TreeValue = 'Spooky'},
	{CFrame = CFrame.new(77.8208389, 4.30023766, -237.414719, 1, 0, 0, 0, 0, -1, 0, 1, 0), Name = 'Floor1Large', TreeValue = 'Spooky'},
	{CFrame = CFrame.new(85.8208313, 12.3002377, -237.414734, 1, 0, 0, 0, 0, -1, 0, 1, 0), Name = 'Floor1Large', TreeValue = 'Spooky'},
	{CFrame = CFrame.new(89.404274, 12.3002377, -122.084488, -0.707098067, -0.707116008, 0, 0, 0, -1, 0.707116008, -0.707098067, 0), Name = 'Floor1Large', TreeValue = 'Spooky'},
	{CFrame = CFrame.new(83.7480011, 4.30023766, -116.42775, -0.707093477, -0.707114875, 0, 0, 0, -1, 0.707114875, -0.707093477, 0), Name = 'Floor1Large', TreeValue = 'Spooky'},
	{CFrame = CFrame.new(83.7474518, 12.3002377, -116.42762, -0.707095623, -0.707113624, 0, 0, 0, -1, 0.707113624, -0.707095623, 0), Name = 'Floor1Large', TreeValue = 'Spooky'},
	{CFrame = CFrame.new(77.256691, 4.30023766, -112.090248, -0.923873305, -0.382697195, 0, 0, 0, -1, 0.382697195, -0.923873305, 0), Name = 'Floor1Large', TreeValue = 'Spooky'},
	{CFrame = CFrame.new(85.8208466, 4.30023766, -237.414734, 1, 5.93066397e-06, 0, 0, 0, -1, -5.93066443e-06, 1, 0), Name = 'Floor1Large', TreeValue = 'Spooky'},
	{CFrame = CFrame.new(93.8208466, 4.30023766, -237.414734, 1.0000006, -1.25169754e-06, 0, 0, 0, -1, -1.25169754e-06, 1.00000072, 0), Name = 'Floor1Large', TreeValue = 'Spooky'},
	{CFrame = CFrame.new(93.8208313, 12.3002377, -237.414734, 1, 0, 0, 0, 0, -1, 0, 1, 0), Name = 'Floor1Large', TreeValue = 'Spooky'},
	{CFrame = CFrame.new(101.172058, 4.30023766, -238.876953, 0.923879504, 0.382683098, 0, 0, 0, -1, -0.38268429, 0.923880041, 0), Name = 'Floor1Large', TreeValue = 'Spooky'},
	{CFrame = CFrame.new(87, 4.30023766, -209.89975, 1, 0, 0, 0, 0, -1, 0, 1, 0), Name = 'Floor1Large', TreeValue = 'Spooky'},
	{CFrame = CFrame.new(101.17215, 12.3002377, -238.876968, 0.923881948, 0.382684648, 0, 0, 0, -1, -0.382684648, 0.923881948, 0), Name = 'Floor1Large', TreeValue = 'Spooky'},
	{CFrame = CFrame.new(108.486374, 4.30023766, -238.876938, 0.923879623, -0.382683277, 0, 0, 0, -1, 0.382683247, 0.923879623, 0), Name = 'Floor1Large', TreeValue = 'Spooky'},
	{CFrame = CFrame.new(108.48642, 12.3002377, -238.876999, 0.923879683, -0.382683277, 0, 0, 0, -1, 0.382683277, 0.923879683, 0), Name = 'Floor1Large', TreeValue = 'Spooky'},
	{CFrame = CFrame.new(123.89975, 4.30023766, -189, 0, -1, 0, 0, 0, -1, 1, 0, 0), Name = 'Floor1Large', TreeValue = 'Spooky'},
	{CFrame = CFrame.new(114.977753, 4.30023766, -234.539551, 0.707106948, -0.707106769, 0, 0, 0, -1, 0.707106769, 0.707106948, 0), Name = 'Floor1Large', TreeValue = 'Spooky'},
	{CFrame = CFrame.new(119.34726, 12.3002377, -156.357635, -0.707100511, -0.707115412, 0, 0, 0, -1, 0.7071141, -0.707100809, 0), Name = 'Floor1Large', TreeValue = 'Spooky'},
	{CFrame = CFrame.new(119.34771, 4.30023766, -156.357925, -0.707093775, -0.707119823, 0, 0, 0, -1, 0.707119823, -0.707093775, 0), Name = 'Floor1Large', TreeValue = 'Spooky'},
	{CFrame = CFrame.new(-28.6431427, 12.3002377, -226.807022, 0, 1, 0, 0, 0, -1, -1, 0, 0), Name = 'Floor1Large', TreeValue = 'Spooky'},
	{CFrame = CFrame.new(95, 12.3002377, -209.89975, 1, 0, 0, 0, 0, -1, 0, 1, 0), Name = 'Floor1Large', TreeValue = 'Spooky'},
	{CFrame = CFrame.new(123.89975, 12.3002377, -181, 0, -1, 0, 0, 0, -1, 1, 0, 0), Name = 'Floor1Large', TreeValue = 'Spooky'},
	{CFrame = CFrame.new(123.89975, 4.30023766, -181, 0, -1, 0, 0, 0, -1, 1, 0, 0), Name = 'Floor1Large', TreeValue = 'Spooky'},
	{CFrame = CFrame.new(96.8030243, 12.3002377, -135.966995, -0.382671863, -0.923884749, 0, 0, 0, -1, 0.923884928, -0.382671863, 0), Name = 'Floor1Large', TreeValue = 'Spooky'},
	{CFrame = CFrame.new(13.1002464, 20.5002384, -141, 0, 1, 0, 1, 0, 0, 0, 0, -1), Name = 'Floor1Large', TreeValue = 'Walnut'},
	{CFrame = CFrame.new(112.855896, 12.3002377, -152.020172, -0.92387557, -0.382694244, 0, 0, 0, -1, 0.382693768, -0.923876107, 0), Name = 'Floor1Large', TreeValue = 'Spooky'},
	{CFrame = CFrame.new(18.1002464, 20.5002384, -141, 0, 1, 0, 1, 0, 0, 0, 0, -1), Name = 'Floor1Large', TreeValue = 'Walnut'},
	{CFrame = CFrame.new(95, 4.30023766, -209.89975, 1, 0, 0, 0, 0, -1, 0, 1, 0), Name = 'Floor1Large', TreeValue = 'Spooky'},
	{CFrame = CFrame.new(119, 4.30023766, -209.89975, 1, 0, 0, 0, 0, -1, 0, 1, 0), Name = 'Floor1Large', TreeValue = 'Spooky'},
	{CFrame = CFrame.new(106.623871, 12.3002377, -147.855972, -0.707098067, -0.707116783, 0, 0, 0, -1, 0.707116067, -0.707098007, 0), Name = 'Floor1Large', TreeValue = 'Spooky'},
	{CFrame = CFrame.new(100.967552, 4.30023766, -142.199234, -0.707097113, -0.707118273, 0, 0, 0, -1, 0.70711875, -0.707097113, 0), Name = 'Floor1Large', TreeValue = 'Spooky'},
	{CFrame = CFrame.new(100.967064, 12.3002377, -142.199066, -0.707097709, -0.707116306, 0, 0, 0, -1, 0.707116067, -0.707097888, 0), Name = 'Floor1Large', TreeValue = 'Spooky'},
	{CFrame = CFrame.new(96.8035355, 4.30023766, -135.967148, -0.382669598, -0.923885643, 0, 0, 0, -1, 0.923885882, -0.382669687, 0), Name = 'Floor1Large', TreeValue = 'Spooky'},
	{CFrame = CFrame.new(123.89975, 12.3002377, -189, 0, -1, 0, 0, 0, -1, 1, 0, 0), Name = 'Floor1Large', TreeValue = 'Spooky'},
	{CFrame = CFrame.new(119, 12.3002377, -209.89975, 1, 0, 0, 0, 0, -1, 0, 1, 0), Name = 'Floor1Large', TreeValue = 'Spooky'},
	{CFrame = CFrame.new(87, 12.3002377, -209.89975, 1, 0, 0, 0, 0, -1, 0, 1, 0), Name = 'Floor1Large', TreeValue = 'Spooky'},
	{CFrame = CFrame.new(114.97776, 12.3002377, -234.539627, 0.707103431, -0.707103312, 0, 0, 0, -1, 0.707103312, 0.707103431, 0), Name = 'Floor1Large', TreeValue = 'Spooky'},
	{CFrame = CFrame.new(119, 4.30023766, -192.89975, 1, 0, 0, 0, 0, -1, 0, 1, 0), Name = 'Floor1Large', TreeValue = 'Spooky'},
	{CFrame = CFrame.new(111, 12.3002377, -192.89975, 1, 0, 0, 0, 0, -1, 0, 1, 0), Name = 'Floor1Large', TreeValue = 'Spooky'},
	{CFrame = CFrame.new(123.89975, 12.3002377, -213, 0, -1, 0, 0, 0, -1, 1, 0, 0), Name = 'Floor1Large', TreeValue = 'Spooky'},
	{CFrame = CFrame.new(122.37664, 12.3002377, -220.657166, 0.382683367, -0.923879266, 0, 0, 0, -1, 0.923879266, 0.382683367, 0), Name = 'Floor1Large', TreeValue = 'Spooky'},
	{CFrame = CFrame.new(119.315178, 4.30023766, -228.048187, 0.382683486, -0.923879564, 0, 0, 0, -1, 0.923879564, 0.382683486, 0), Name = 'Floor1Large', TreeValue = 'Spooky'},
	{CFrame = CFrame.new(89.4048157, 4.30023766, -122.084618, -0.7070961, -0.707117498, 0, 0, 0, -1, 0.707117498, -0.7070961, 0), Name = 'Floor1Large', TreeValue = 'Spooky'},
	{CFrame = CFrame.new(95, 4.30023766, -192.89975, 1, 0, 0, 0, 0, -1, 0, 1, 0), Name = 'Floor1Large', TreeValue = 'Spooky'},
	{CFrame = CFrame.new(93.7421341, 4.30023766, -128.57608, -0.382669449, -0.923885345, 0, 0, 0, -1, 0.923885345, -0.382669449, 0), Name = 'Floor1Large', TreeValue = 'Spooky'},
	{CFrame = CFrame.new(119.31517, 12.3002377, -228.048203, 0.382682502, -0.92387718, 0, 0, 0, -1, 0.92387718, 0.382682502, 0), Name = 'Floor1Large', TreeValue = 'Spooky'},
	{CFrame = CFrame.new(103, 4.30023766, -192.89975, 1, 0, 0, 0, 0, -1, 0, 1, 0), Name = 'Floor1Large', TreeValue = 'Spooky'},
	{CFrame = CFrame.new(111, 12.3002377, -209.89975, 1, 0, 0, 0, 0, -1, 0, 1, 0), Name = 'Floor1Large', TreeValue = 'Spooky'},
	{CFrame = CFrame.new(93.7416153, 12.3002377, -128.575928, -0.382671684, -0.923884451, 0, 0, 0, -1, 0.923884451, -0.382671684, 0), Name = 'Floor1Large', TreeValue = 'Spooky'},
	{CFrame = CFrame.new(118, 1.40048981, -199, -1, 0, 0, 0, 1, 0, 0, 0, -1), Name = 'Wedge4', TreeValue = 'Spooky'},
	{CFrame = CFrame.new(122, 0.400489867, -199, -1, 0, 0, 0, 1, 0, 0, 0, -1), Name = 'Wedge4', TreeValue = 'Spooky'},
	{CFrame = CFrame.new(106, 6.40048981, -199, -1, 0, 0, 0, 1, 0, 0, 0, -1), Name = 'Wedge3', TreeValue = 'Spooky'},
	{CFrame = CFrame.new(110, 4.40048981, -199, -1, 0, 0, 0, 1, 0, 0, 0, -1), Name = 'Wedge3', TreeValue = 'Spooky'},
	{CFrame = CFrame.new(114, 2.40048981, -199, -1, 0, 0, 0, 1, 0, 0, 0, -1), Name = 'Wedge3', TreeValue = 'Spooky'},
	{CFrame = CFrame.new(18.1002464, 20.5002384, -149, 0, 1, 0, 1, 0, 0, 0, 0, -1), Name = 'Floor1Large', TreeValue = 'Walnut'},
	{CFrame = CFrame.new(40.000061, 17.0002384, -155.899719, 1, 0, 0, 0, 0, -1, 0, 1, 0), Name = 'Wall2Short', TreeValue = 'GoldSwampy'},
	{CFrame = CFrame.new(103.899734, 15.6000662, -193, 0, -1, 0, 1, 0, -0, 0, 0, 1), Name = 'Wall2TallThin', TreeValue = 'LoneCave'},
	{CFrame = CFrame.new(95.8997345, 15.6000662, -193, 0, -1, 0, 1, 0, -0, 0, 0, 1), Name = 'Wall2TallThin', TreeValue = 'LoneCave'},
	{CFrame = CFrame.new(103.899734, 15.6000662, -161, 0, -1, 0, 1, 0, -0, 0, 0, 1), Name = 'Wall2TallThin', TreeValue = 'LoneCave'},
	{CFrame = CFrame.new(12.5000305, 23.1004753, -147.999969, 1, 0, 0, 0, 1, 0, 0, 0, 1), Name = 'Floor2Small', TreeValue = 'Spooky'},
	{CFrame = CFrame.new(76, 16.400238, -149, 1, 0, 0, 0, 1, 0, 0, 0, 1), Name = 'Floor2Large', TreeValue = 'GreenSwampy'},
	{CFrame = CFrame.new(14.4999981, 16.6002445, -153.5, 0, 0, -1, 0, 1, 0, 1, 0, 0), Name = 'Post', TreeValue = 'GoldSwampy'},
	{CFrame = CFrame.new(16.4999981, 16.6004906, -156, 0, 0, -1, 0, 1, 0, 1, 0, 0), Name = 'Wedge1_Thin', TreeValue = 'LoneCave'},
	{CFrame = CFrame.new(15.4999981, 16.6004906, -156, 0, 0, -1, 0, 1, 0, 1, 0, 0), Name = 'Wedge1_Thin', TreeValue = 'LoneCave'},
	{CFrame = CFrame.new(108, 16.400238, -229, 1, 0, 0, 0, 1, 0, 0, 0, 1), Name = 'Floor2Large', TreeValue = 'GreenSwampy'},
	{CFrame = CFrame.new(12.5000305, 16.6002445, -141.499969, 1, 0, 0, 0, 1, 0, 0, 0, 1), Name = 'Post', TreeValue = 'GoldSwampy'},
	{CFrame = CFrame.new(10.0000305, 17.6004906, -141.499969, 1, 0, 0, 0, 1, 0, 0, 0, 1), Name = 'Wedge1_Thin', TreeValue = 'GoldSwampy'},
	{CFrame = CFrame.new(-0.071882844, 16.3954754, -168.902374, -1, -1.62630688e-19, 1.49012138e-07, -1.62630675e-19, 1, 1.01643954e-20, -1.49012138e-07, 1.01643727e-20, -1), Name = 'Floor2Large', TreeValue = 'GreenSwampy'},
	{CFrame = CFrame.new(-0.0718845129, 16.3954754, -176.902405, -0.999998748, 8.13151629e-20, -8.9407024e-08, -9.48676901e-20, 1, -5.08220859e-21, -8.9407024e-08, 5.08220253e-21, -1.00000322), Name = 'Floor2Large', TreeValue = 'GreenSwampy'},
	{CFrame = CFrame.new(112, 15.6000681, -192.899734, 0, 0, 1, 1, 0, 0, 0, 1, 0), Name = 'Wall2TallThin', TreeValue = 'LoneCave'},
	{CFrame = CFrame.new(112, 15.6000681, -168.899734, 0, 0, 1, 1, 0, 0, 0, 1, 0), Name = 'Wall2TallThin', TreeValue = 'LoneCave'},
	{CFrame = CFrame.new(16.000061, 17.0002384, -157.899719, 1, 0, 0, 0, 0, -1, 0, 1, 0), Name = 'Wall2Short', TreeValue = 'GoldSwampy'},
	{CFrame = CFrame.new(16.000061, 17.0002384, -155.899719, 1, 0, 0, 0, 0, -1, 0, 1, 0), Name = 'Wall2Short', TreeValue = 'GoldSwampy'},
	{CFrame = CFrame.new(17.4999981, 16.6002445, -153.5, 0, 0, -1, 0, 1, 0, 1, 0, 0), Name = 'Post', TreeValue = 'GoldSwampy'},
	{CFrame = CFrame.new(-20, 16.400238, -229, 1, 0, 0, 0, 1, 0, 0, 0, 1), Name = 'Floor2Large', TreeValue = 'GreenSwampy'},
	{CFrame = CFrame.new(43.5000305, 23.1004753, -150.000031, -1, 0, 0, 0, 1, 0, 0, 0, -1), Name = 'Floor2Small', TreeValue = 'Spooky'},
	{CFrame = CFrame.new(-11.9541292, 16.3954754, -200.528015, -0.923876882, -1.357521e-19, -0.38269037, -1.4907851e-19, 1, 5.16888928e-21, 0.382690281, 6.18263224e-20, -0.923876882), Name = 'Floor2Large', TreeValue = 'GreenSwampy'},
	{CFrame = CFrame.new(-13.0646229, 16.3954754, -216.312744, -0.923877418, 4.97471526e-20, -0.382688612, 5.42096563e-20, 1, -8.77810286e-22, 0.382688612, -2.15564108e-20, -0.923877418), Name = 'Floor2Large', TreeValue = 'GreenSwampy'},
	{CFrame = CFrame.new(-8.24553585, 16.3954754, -247.323364, -0.707107604, 8.20251359e-21, 0.707105756, -1.21972744e-19, 1, -9.07118701e-20, -0.707105756, 1.40875372e-19, -0.707107604), Name = 'Floor2Large', TreeValue = 'GreenSwampy'},
	{CFrame = CFrame.new(-2.58867955, 16.3954754, -252.980225, -0.707107425, 4.17340924e-20, 0.707105577, -3.65918233e-19, 1, -2.73670974e-19, -0.707105577, 4.32604681e-19, -0.707107425), Name = 'Floor2Large', TreeValue = 'GreenSwampy'},
	{CFrame = CFrame.new(112, 15.6000681, -184.899734, 0, 0, 1, 1, 0, 0, 0, 1, 0), Name = 'Wall2TallThin', TreeValue = 'LoneCave'},
	{CFrame = CFrame.new(112, 15.6000681, -176.899734, 0, 0, 1, 1, 0, 0, 0, 1, 0), Name = 'Wall2TallThin', TreeValue = 'LoneCave'},
	{CFrame = CFrame.new(100, 15.6000681, -168.899734, 0, 0, 1, 1, 0, 0, 0, 1, 0), Name = 'Wall2TallThin', TreeValue = 'LoneCave'},
	{CFrame = CFrame.new(108, 16.400238, -221, 1, 0, 0, 0, 1, 0, 0, 0, 1), Name = 'Floor2Large', TreeValue = 'GreenSwampy'},
	{CFrame = CFrame.new(12.5000305, 23.1004753, -137.999969, 1, 0, 0, 0, 1, 0, 0, 0, 1), Name = 'Floor2Small', TreeValue = 'Spooky'},
	{CFrame = CFrame.new(16.9999981, 23.1004753, -153.5, 0, 0, -1, 0, 1, 0, 1, 0, 0), Name = 'Floor2Small', TreeValue = 'Spooky'},
	{CFrame = CFrame.new(111.899734, 15.6000662, -193, 0, -1, 0, 1, 0, -0, 0, 0, 1), Name = 'Wall2TallThin', TreeValue = 'LoneCave'},
	{CFrame = CFrame.new(68.9771881, 16.3954773, -235.274063, -0.923883021, 7.64218025e-25, 0.382675767, -8.27180613e-25, 1, 0, -0.382675767, 3.16541926e-25, -0.923883021), Name = 'Floor2Large', TreeValue = 'GreenSwampy'},
	{CFrame = CFrame.new(3.06821346, 16.3954754, -258.637024, -0.707107186, -1.42108547e-14, 0.707105339, 4.26325641e-14, 1, 1.10235172e-14, -0.707105219, -3.55271368e-14, -0.707107067), Name = 'Floor2Large', TreeValue = 'GreenSwampy'},
	{CFrame = CFrame.new(-13.9023924, 16.3954754, -252.980194, -0.707107663, -2.26795799e-21, 0.707105815, -2.65180469e-20, 1, -2.97254979e-20, -0.707105815, 3.97701912e-20, -0.707107663), Name = 'Floor2Large', TreeValue = 'GreenSwampy'},
	{CFrame = CFrame.new(-2.58866239, 16.3954735, -264.293854, -0.707107723, -1.42108547e-14, 0.707105875, 2.84217094e-14, 1, 3.91830665e-15, -0.707105756, -3.55271368e-14, -0.707107604), Name = 'Floor2Large', TreeValue = 'GreenSwampy'},
	{CFrame = CFrame.new(-4, 16.400238, -157, 1, 0, 0, 0, 1, 0, 0, 0, 1), Name = 'Floor2Large', TreeValue = 'GreenSwampy'},
	{CFrame = CFrame.new(100, 15.6000681, -176.899734, 0, 0, 1, 1, 0, 0, 0, 1, 0), Name = 'Wall2TallThin', TreeValue = 'LoneCave'},
	{CFrame = CFrame.new(111.899734, 15.6000662, -161, 0, -1, 0, 1, 0, -0, 0, 0, 1), Name = 'Wall2TallThin', TreeValue = 'LoneCave'},
	{CFrame = CFrame.new(60, 16.400238, -141, 1, 0, 0, 0, 1, 0, 0, 0, 1), Name = 'Floor2Large', TreeValue = 'Generic'},
	{CFrame = CFrame.new(52, 16.400238, -141, 1, 0, 0, 0, 1, 0, 0, 0, 1), Name = 'Floor2Large', TreeValue = 'Generic'},
	{CFrame = CFrame.new(116, 16.400238, -221, 1, 0, 0, 0, 1, 0, 0, 0, 1), Name = 'Floor2Large', TreeValue = 'GreenSwampy'},
	{CFrame = CFrame.new(4, 16.400238, -181, 1, 0, 0, 0, 1, 0, 0, 0, 1), Name = 'Floor2Large', TreeValue = 'Generic'},
	{CFrame = CFrame.new(-10.8403778, 16.3954754, -160.561508, -0.707119286, -4.21997168e-14, 0.707094312, -8.5264986e-14, 1, -2.55875406e-14, -0.707094193, -7.83838191e-14, -0.707119405), Name = 'Floor2Large', TreeValue = 'GreenSwampy'},
	{CFrame = CFrame.new(39.5, 16.6004906, -156, 0, 0, -1, 0, 1, 0, 1, 0, 0), Name = 'Wedge1_Thin', TreeValue = 'LoneCave'},
	{CFrame = CFrame.new(20, 16.400238, -181, 1, 0, 0, 0, 1, 0, 0, 0, 1), Name = 'Floor2Large', TreeValue = 'Generic'},
	{CFrame = CFrame.new(60, 16.400238, -133, 1, 0, 0, 0, 1, 0, 0, 0, 1), Name = 'Floor2Large', TreeValue = 'Generic'},
	{CFrame = CFrame.new(-4, 16.400238, -149, 1, 0, 0, 0, 1, 0, 0, 0, 1), Name = 'Floor2Large', TreeValue = 'GreenSwampy'},
	{CFrame = CFrame.new(8.72505379, 16.3954754, -264.293884, -0.707106173, -5.05636013e-14, 0.707104325, 1.20139142e-13, 1, 3.71196909e-14, -0.707103968, -1.08785295e-13, -0.707105815), Name = 'Floor2Large', TreeValue = 'GreenSwampy'},
	{CFrame = CFrame.new(-4, 16.400238, -165, 1, 0, 0, 0, 1, 0, 0, 0, 1), Name = 'Floor2Large', TreeValue = 'GreenSwampy'},
	{CFrame = CFrame.new(-12, 16.400238, -149, 1, 0, 0, 0, 1, 0, 0, 0, 1), Name = 'Floor2Large', TreeValue = 'GreenSwampy'},
	{CFrame = CFrame.new(-8.24554539, 16.3954754, -258.637054, -0.707107604, 8.20251359e-21, 0.707105756, -1.21972744e-19, 1, -9.07118701e-20, -0.707105756, 1.40875372e-19, -0.707107604), Name = 'Floor2Large', TreeValue = 'GreenSwampy'},
	{CFrame = CFrame.new(52, 16.400238, -125, 1, 0, 0, 0, 1, 0, 0, 0, 1), Name = 'Floor2Large', TreeValue = 'Generic'},
	{CFrame = CFrame.new(52, 16.400238, -133, 1, 0, 0, 0, 1, 0, 0, 0, 1), Name = 'Floor2Large', TreeValue = 'Generic'},
	{CFrame = CFrame.new(60, 16.400238, -125, 1, 0, 0, 0, 1, 0, 0, 0, 1), Name = 'Floor2Large', TreeValue = 'Generic'},
	{CFrame = CFrame.new(108, 16.400238, -213, 1, 0, 0, 0, 1, 0, 0, 0, 1), Name = 'Floor2Large', TreeValue = 'GreenSwampy'},
	{CFrame = CFrame.new(4, 16.400238, -221, 1, 0, 0, 0, 1, 0, 0, 0, 1), Name = 'Floor2Large', TreeValue = 'Generic'},
	{CFrame = CFrame.new(4, 16.400238, -213, 1, 0, 0, 0, 1, 0, 0, 0, 1), Name = 'Floor2Large', TreeValue = 'Generic'},
	{CFrame = CFrame.new(20, 16.400238, -189, 1, 0, 0, 0, 1, 0, 0, 0, 1), Name = 'Floor2Large', TreeValue = 'Generic'},
	{CFrame = CFrame.new(124.927269, 0.400503159, -176.381226, 0.887010992, 0, -0.461748302, 0, 1, 0, 0.461748302, 0, 0.887010992), Name = 'Wall2Tall', TreeValue = 'Spooky'},
	{CFrame = CFrame.new(68, 16.400238, -125, 1, 0, 0, 0, 1, 0, 0, 0, 1), Name = 'Floor2Large', TreeValue = 'Generic'},
	{CFrame = CFrame.new(68, 16.400238, -133, 1, 0, 0, 0, 1, 0, 0, 0, 1), Name = 'Floor2Large', TreeValue = 'Generic'},
	{CFrame = CFrame.new(17.4999981, 17.6004906, -156, 0, 0, -1, 0, 1, 0, 1, 0, 0), Name = 'Wedge1_Thin', TreeValue = 'GoldSwampy'},
	{CFrame = CFrame.new(14.4999981, 17.6004906, -156, 0, 0, -1, 0, 1, 0, 1, 0, 0), Name = 'Wedge1_Thin', TreeValue = 'GoldSwampy'},
	{CFrame = CFrame.new(14.9125042, 22.5002995, -153, 0, -1, 0, 1, 0, -0, 0, 0, 1), Name = 'Floor2Tiny', TreeValue = 'LoneCave'},
	{CFrame = CFrame.new(17.1000042, 22.5002995, -153, 0, -1, 0, 1, 0, -0, 0, 0, 1), Name = 'Floor2Tiny', TreeValue = 'LoneCave'},
	{CFrame = CFrame.new(12.5000305, 23.1004753, -135.999969, 1, 0, 0, 0, 1, 0, 0, 0, 1), Name = 'Floor2Small', TreeValue = 'Spooky'},
	{CFrame = CFrame.new(68, 16.400238, -141, 1, 0, 0, 0, 1, 0, 0, 0, 1), Name = 'Floor2Large', TreeValue = 'Generic'},
	{CFrame = CFrame.new(68, 16.400238, -149, 1, 0, 0, 0, 1, 0, 0, 0, 1), Name = 'Floor2Large', TreeValue = 'Generic'},
	{CFrame = CFrame.new(68, 16.400238, -157, 1, 0, 0, 0, 1, 0, 0, 0, 1), Name = 'Floor2Large', TreeValue = 'Generic'},
	{CFrame = CFrame.new(76, 16.400238, -157, 1, 0, 0, 0, 1, 0, 0, 0, 1), Name = 'Floor2Large', TreeValue = 'Generic'},
	{CFrame = CFrame.new(116, 16.400238, -213, 1, 0, 0, 0, 1, 0, 0, 0, 1), Name = 'Floor2Large', TreeValue = 'GreenSwampy'},
	{CFrame = CFrame.new(28, 16.400238, -181, 1, 0, 0, 0, 1, 0, 0, 0, 1), Name = 'Floor2Large', TreeValue = 'Generic'},
	{CFrame = CFrame.new(19.0000305, 22.5002995, -129.900024, 0, 0, -1, 1, 0, 0, 0, -1, 0), Name = 'Floor2Tiny', TreeValue = 'LoneCave'},
	{CFrame = CFrame.new(37.0000305, 22.5002995, -138.099976, 0, 0, 1, 1, 0, 0, 0, 1, 0), Name = 'Floor2Tiny', TreeValue = 'LoneCave'},
	{CFrame = CFrame.new(22.0000305, 16.6004906, -137.500031, -1, 0, 0, 0, 1, 0, 0, 0, -1), Name = 'Wedge1_Thin', TreeValue = 'LoneCave'},
	{CFrame = CFrame.new(84, 16.400238, -157, 1, 0, 0, 0, 1, 0, 0, 0, 1), Name = 'Floor2Large', TreeValue = 'Generic'},
	{CFrame = CFrame.new(92, 16.400238, -157, 1, 0, 0, 0, 1, 0, 0, 0, 1), Name = 'Floor2Large', TreeValue = 'Generic'},
	{CFrame = CFrame.new(12.5000305, 21.0002384, -138.899963, 1, 0, 0, 0, 0, -1, 0, 1, 0), Name = 'Post', TreeValue = 'GoldSwampy'},
	{CFrame = CFrame.new(13.0000305, 22.5002995, -135.912476, 0, 0, 1, 1, 0, 0, 0, 1, 0), Name = 'Floor2Tiny', TreeValue = 'LoneCave'},
	{CFrame = CFrame.new(13.0000305, 22.5002995, -138.099976, 0, 0, 1, 1, 0, 0, 0, 1, 0), Name = 'Floor2Tiny', TreeValue = 'LoneCave'},
	{CFrame = CFrame.new(19.5000305, 23.1004753, -126.000031, -1, 0, 0, 0, 1, 0, 0, 0, -1), Name = 'Floor2Small', TreeValue = 'Spooky'},
	{CFrame = CFrame.new(19.5000305, 21.0002384, -123.100037, -1, 0, -0, 0, 0, -1, 0, -1, -0), Name = 'Post', TreeValue = 'GoldSwampy'},
	{CFrame = CFrame.new(100, 16.400238, -157, 1, 0, 0, 0, 1, 0, 0, 0, 1), Name = 'Floor2Large', TreeValue = 'Generic'},
	{CFrame = CFrame.new(52, 16.400238, -149, 1, 0, 0, 0, 1, 0, 0, 0, 1), Name = 'Floor2Large', TreeValue = 'Generic'},
	{CFrame = CFrame.new(52, 16.400238, -157, 1, 0, 0, 0, 1, 0, 0, 0, 1), Name = 'Floor2Large', TreeValue = 'Generic'},
	{CFrame = CFrame.new(60, 16.400238, -157, 1, 0, 0, 0, 1, 0, 0, 0, 1), Name = 'Floor2Large', TreeValue = 'Generic'},
	{CFrame = CFrame.new(60, 16.400238, -165, 1, 0, 0, 0, 1, 0, 0, 0, 1), Name = 'Floor2Large', TreeValue = 'Generic'},
	{CFrame = CFrame.new(100, 16.400238, -213, 1, 0, 0, 0, 1, 0, 0, 0, 1), Name = 'Floor2Large', TreeValue = 'GreenSwampy'},
	{CFrame = CFrame.new(19.0000305, 22.5002995, -138.087524, 0, 0, -1, 1, 0, 0, 0, -1, 0), Name = 'Floor2Tiny', TreeValue = 'LoneCave'},
	{CFrame = CFrame.new(50.4589996, 16.3954773, -266.889923, -0.707114458, -5.52125378e-19, 0.707099199, 1.30307416e-19, 1, -6.50521303e-19, -0.707099199, 3.6785275e-19, -0.707114458), Name = 'Floor2Large', TreeValue = 'GreenSwampy'},
	{CFrame = CFrame.new(36.5000305, 21.0002384, -150.899963, 1, 0, 0, 0, 0, -1, 0, 1, 0), Name = 'Post', TreeValue = 'GoldSwampy'},
	{CFrame = CFrame.new(52, 16.400238, -165, 1, 0, 0, 0, 1, 0, 0, 0, 1), Name = 'Floor2Large', TreeValue = 'Generic'},
	{CFrame = CFrame.new(52, 16.400238, -173, 1, 0, 0, 0, 1, 0, 0, 0, 1), Name = 'Floor2Large', TreeValue = 'Generic'},
	{CFrame = CFrame.new(60, 16.400238, -173, 1, 0, 0, 0, 1, 0, 0, 0, 1), Name = 'Floor2Large', TreeValue = 'Generic'},
